 0   1   1   1 
  
  
  0   3   2  11 
  0   3   2  10 
  0   3   2   9 
  0   3   2   8 
  0   3   2   7 
  0   3   2   6 
  0   3   2   5 
  0   3   2   4 
  0   3  11   6 
  0   3  10   6 
  0   3   9   6 
  0   3   8   6 
  0   3   7   6 
  0   3   6   9 
  0   3   5   6 
  0   3   4   2 
  0   3   2   3 
  

  
  
  
  0   5   1   1 
  0   5  11   6 
  0   5  10   6 
  0   5   9   6 
  0   5   8   6 
  0   5   7   6 
  0   5   6   9 
  0   5   6   1 
  0   5   6  11 
  0   5  11   1 
  0   5  11   9 
  0   5  10  11 
  0   5  10   9 
  0   5  10   8 
  0   5  10   7 
  0   5   9   1 
  0   5   9  11 
  0   5   8  11 
  0   5   8  10 
  0   5   8   9 
  0   5   8   7 
  0   5   7  11 
  0   5   7  10 
  0   5   7   9 
  0   5   7   8 
  
  
  
  0   4  11   1 
  0   4  11   9 
  0   4  11   6 

  0   4  10   6 
  0   4  10  11 
  0   4  10   9 
  0   4  10   8 
  0   4  10   7
  
  0   4   9   6 
  0   4   9   1 
  0   4   9  11 
  
  0   4   8  11 
  0   4   8  10 
  0   4   8   9 
  0   4   8   7 
  0   4   8   6 
  
  0   4   7  11 
  0   4   7  10 
  0   4   7   9 
  0   4   7   8 
  0   4   7   6 
 
  0   4   6   1 
  0   4   6  11 
  0   4   6   9   
  
  0   4   5   1 
  0   4   5  11 
  0   4   5  10 
  0   4   5   9 
  0   4   5   8 
  0   4   5   7
  0   4   5   6
    
  0   4   3  11 
  0   4   3  10 
  0   4   3   9 
  0   4   3   8 
  0   4   3   7 
  0   4   3   6 
  0   4   3   5 
  0   4   3   4
  0   4   3   2 
  

  0   4   2  11 
  0   4   2  10 
  0   4   2   9 
  0   4   2   8 
  0   4   2   7 
  0   4   2   6 
  0   4   2   5 
  0   4   2   4 
  0   4   2   3  
    
  0   3  11   1 
  0   3  11   9 
  
  0   3  10  11 
  0   3  10   9 
  0   3  10   8 
  0   3  10   7 
  
  0   3   9   1 
  0   3   9  11 
  0   3   8  11 
  0   3   8  10 
  0   3   8   9 
  0   3   8   7 
  
  0   3   7  11 
  0   3   7  10 
  0   3   7   9 
  0   3   7   8 
  
  0   3   6   1 
  0   3   6  11 
  
  0   3   5   1 
  0   3   5  11 
  0   3   5  10 
  0   3   5   9 
  0   3   5   8 
  0   3   5   7 
  
  0   3   4  11 
  0   3   4  10 
  0   3   4   9 
  0   3   4   8 
  0   3   4   7 
  0   3   4   6 
  0   3   4   5 
  0   3   4   3 
  
  0   2  11   1 
  0   2  11   9 
  0   2  11   6 
  
  0   2  10  11 
  0   2  10   9 
  0   2  10   8 
  0   2  10   7 
  0   2  10   6 
  
  0   2   9   1 
  0   2   9  11 
  0   2   9   6 
  
  0   2   8  11 
  0   2   8  10 
  0   2   8   9 
  0   2   8   7 
  0   2   8   6 
  
  0   2   7  11 
  0   2   7  10 
  0   2   7   9 
  0   2   7   8 
  0   2   7   6 
  
  0   2   6   1 
  0   2   6  11 
  0   2   6   9 
  
  0   2   5   1 
  0   2   5  11 
  0   2   5  10 
  0   2   5   9 
  0   2   5   8 
  0   2   5   7 
  0   2   5   6 
  
  0   2   4  11 
  0   2   4  10 
  0   2   4   9 
  0   2   4   8 
  0   2   4   7 
  0   2   4   6 
  0   2   4   5 
  0   2   4   3 
  0   2   4   2 
  
  0   2   3  11 
  0   2   3  10 
  0   2   3   9 
  0   2   3   8 
  0   2   3   7 
  0   2   3   6 
  0   2   3   5 
  0   2   3   4 
  0   2   3   2  